100
4 6753
16 6291270936062618
8 92023759
3 289
8 36129319
5 78450
14 61063206155476
6 693745
3 547
15 430786884314920
17 89266495048717272
13 6106159490917
18 115977673656394812
10 3908850963
19 5611598481030444476
4 1759
17 21785741859753883
12 896433386048
9 897764303
11 92540594692
3 477
16 4812893680210511
11 85064625862
19 4724062990813110340
4 9196
20 33805664004626756987
13 8299602761321
16 9914910758704804
3 961
11 42220552902
19 3804091962544993605
1 2
20 43517431469422641288
10 2888683833
14 80476890687903
14 37326526587960
15 104870862479392
9 301789154
20 25749945935708199782
16 3490201962120731
2 90
6 677406
5 74858
13 6066462896070
12 013772645202
20 09945103788604676097
6 978533
19 3793787419098858437
2 38
11 97993243712
3 021
18 517417111704085166
3 196
5 80810
3 297
6 646379
18 491706085394154155
15 983852227034636
14 34439725890247
7 5713338
6 108763
16 0804113593415083
6 659907
7 3761506
16 0812269104274032
19 0370034927425244386
1 8
20 22318342245175716981
4 3379
9 670484816
19 5219960649908931489
7 7737122
2 50
20 04013741130321756542
13 1724165785927
4 6479
8 22163021
6 650034
17 60258950608378210
16 8550738230777691
12 908988037069
13 1779762715884
16 6568488387524505
18 327213494195741221
17 20229743561403127
18 981076010251971312
1 6
19 7492445912896064094
6 466399
16 2130991345857338
10 5538603361
19 7051103004542499949
19 1639334615617229281
3 478
17 37723725376813640
14 58509980249012
11 06390838731
11 05031801791
1 3
16 9484692903033794
